AD3830770CCDD0AD383004A9
AD3830770CCDD0AD38300309
AD3830770CCDD0AD383002C3
AD3830770CCDD0AD38300363
AD3830770CCDD0AD3830021C
AD3830770CCDD0AD38300343
AD3830770CCDD0AD38300399
AD3830770CCDD0AD383002E7
AD3830770CCDD0AD38300307
AD3830770CCDD0AD383003B7
AD3830770CCDD0AD383003A1
AD3830770CCDD0AD383002E0
AD3830770CCDD0AD383002A8
AD3830770CCDD0AD3830034B
AD3830770CCDD0AD383001E2
AD3830770CCDD0AD383001BD
AD3830770CCDD0AD383002EB
AD3830770CCDD0AD383001BE
AD3830770CCDD0AD38300314
AD3830770CCDD0AD3830029A
AD3830770CCDD0AD38300370
AD3830770CCDD0AD383001D6
AD3830770CCDD0AD38300350
AD3830770CCDD0AD3830032C
AD3830770CCDD0AD383001D5
AD3830770CCDD0AD3830033A
AD3830770CCDD0AD3830029C
AD3830770CCDD0AD3830035B
AD3830770CCDD0AD3830027B
AD3830770CCDD0AD383002DB
AD3830770CCDD0AD38300312
AD3830770CCDD0AD38300453
AD3830770CCDD0AD38300308
AD3830770CCDD0AD383003AC
AD3830770CCDD0AD383001D0
AD3830770CCDD0AD38300368
AD3830770CCDD0AD38300288
AD3830770CCDD0AD3830031A
AD3830770CCDD0AD38300365
AD3830770CCDD0AD383001FB
AD3830770CCDD0AD38300204
AD3830770CCDD0AD38300372
AD3830770CCDD0AD383002E6
AD3830770CCDD0AD383002D7
AD3830770CCDD0AD383002FB
AD3830770CCDD0AD383003B6
AD3830770CCDD0AD3830036A
AD3830770CCDD0AD38300337
AD3830770CCDD0AD383002A5
AD3830770CCDD0AD383003BB
AD3830770CCDD0AD3830035C
AD3830770CCDD0AD38300217
AD3830770CCDD0AD383001CA
AD3830770CCDD0AD383002E3
AD3830770CCDD0AD383001E7
AD3830770CCDD0AD383001DD
AD3830770CCDD0AD38300326
AD3830770CCDD0AD383002DA
AD3830770CCDD0AD383002F1
AD3830770CCDD0AD383002A0
AD3830770CCDD0AD383001CC
AD3830770CCDD0AD383001EE
AD3830770CCDD0AD383001C2
AD3830770CCDD0AD38300375
AD3830770CCDD0AD383002C5
AD3830770CCDD0AD38300218
AD3830770CCDD0AD383001E6
AD3830770CCDD0AD383001BF
AD3830770CCDD0AD383003A9
AD3830770CCDD0AD383002F0
AD3830770CCDD0AD383001C4
AD3830770CCDD0AD383001D7
AD3830770CCDD0AD383002AA
AD3830770CCDD0AD38300342
AD3830770CCDD0AD38300285
AD3830770CCDD0AD38300325
AD3830770CCDD0AD383001D3
AD3830770CCDD0AD3830034A
AD3830770CCDD0AD3830026D
AD3830770CCDD0AD383003B3
AD3830770CCDD0AD38300361
AD3830770CCDD0AD38300351
AD3830770CCDD0AD3830028E
AD3830770CCDD0AD383003B9
AD3830770CCDD0AD38300338
AD3830770CCDD0AD38300322
AD3830770CCDD0AD38300455
AD3830770CCDD0AD383002C7
AD3830770CCDD0AD383001C6
AD3830770CCDD0AD38300291
AD3830770CCDD0AD3830047A
AD3830770CCDD0AD38300301
AD3830770CCDD0AD3830031B
AD3830770CCDD0AD383002D8
AD3830770CCDD0AD383002CC
AD3830770CCDD0AD38300333
AD3830770CCDD0AD3830027F
AD3830770CCDD0AD38300324
AD3830770CCDD0AD3830039C
AD3830770CCDD0AD3830046B
